0.0330382 0.0322217 0.0324566 0.0331626 0.0331496 
0.967434 0.964052 0.988539 0.949734 0.977271 
0.00351361 0.0032625 0.0033869 0.00336271 0.00317883 
0.0546233 0.0524932 0.0534232 0.0519704 0.0540828 
0.060433 0.0618814 0.0605481 0.0623735 0.0607305 
3.34945 3.30031 3.5135 3.55341 3.44398 
0.00638782 0.00644013 0.00585632 0.0056456 0.00617008 
0.104603 0.10325 0.105078 0.109519 0.104678 
0.0311532 0.0317493 0.0316534 0.0322507 0.0322998 
0.952995 0.967153 0.989936 0.978747 0.962858 
0.00307038 0.00326627 0.00308199 0.00319411 0.00317272 
0.0555324 0.0535116 0.0523271 0.0532346 0.0533052 
0.0603596 0.0603662 0.0614784 0.0593362 0.0614095 
3.54405 3.32261 3.29526 3.29841 3.34177 
0.00588326 0.00585531 0.00584604 0.00609227 0.00532065 
0.101865 0.102822 0.103785 0.103067 0.10547 
