-0.13181999999999983 -2.497705474412373
-0.08267999999999986 -2.0802784525252753
-0.0651600000000001 -1.8627318674216515
-0.0620099999999999 -1.7087352578229016
-0.0378099999999999 -1.5870558322903148
-0.019672000000000023 -1.485165456902677
-0.018650000000000055 -1.3967126453904508
-0.01734279999999999 -1.318010897303537
-0.007479800000000036 -1.2467204983795792
-0.00535399999999997 -1.1812586209770397
-0.0031847999999999876 -1.1205017670747006
-0.0021756000000000136 -1.0636219383377197
-0.0019719999999999738 -1.009990169249582
-0.0015368000000000187 -0.9591166172276023
-0.0013481800000000044 -0.9106117068724701
-0.0012550799999999918 -0.8641600043183083
-0.001253780000000003 -0.819502107568254
-0.0008253800000000075 -0.7764217611479277
-0.0008226000000000067 -0.7347364778072544
-0.0007603000000000054 -0.6942905757030833
-0.0007476000000000149 -0.654949917100686
-0.0006680799999999945 -0.6165978697170302
-0.0006452000000000055 -0.579132162255556
-0.000584040000000001 -0.5424624043125493
-0.0005798000000000192 -0.5065081069291113
-0.0004788560000000006 -0.4711970852299657
-0.00046280000000000626 -0.4364641560081164
-0.00045438999999999983 -0.40225006532172536
-0.0003491399999999978 -0.3685005970971567
-0.00034760000000000346 -0.3351658253080253
-0.00034757999999999317 -0.30219948081476244
-0.0003348000000000101 -0.2695584102801578
-0.0002769799999999961 -0.23720210932878769
-0.00024366999999999965 -0.20509231571520853
-0.00023038000000000225 -0.17319265100642342
-0.0002237799999999998 -0.1414683013821586
-0.00016787999999999526 -0.1098857297659914
-0.00016207999999999978 -0.0784124127331122
-8.671399999999989e-05 -0.04701659657781415
-7.840999999999968e-05 -0.015667067624769982
-7.510399999999988e-05 0.015667067624769982
-7.197999999999233e-05 0.04701659657781429
-7.05799999999937e-05 0.0784124127331122
1.562599999999992e-05 0.10988572976599126
2.1800000000000205e-05 0.1414683013821586
3.701599999999996e-05 0.17319265100642342
4.599000000000009e-05 0.20509231571520872
4.6533999999999985e-05 0.23720210932878769
5.5803999999999576e-05 0.26955841028015765
7.009000000000008e-05 0.30219948081476244
8.375400000000012e-05 0.3351658253080253
0.00010461999999999277 0.3685005970971569
0.00010917599999999989 0.40225006532172536
0.00017270000000000002 0.4364641560081162
0.00023245999999999684 0.4711970852299657
0.0002878300000000002 0.5065081069291113
0.00029276400000000005 0.5424624043125496
0.00034014000000000006 0.579132162255556
0.0003438600000000014 0.6165978697170301
0.0003568600000000005 0.654949917100686
0.00038319999999998633 0.6942905757030833
0.00042942000000000674 0.7347364778072545
0.0004785200000000031 0.7764217611479277
0.000688099999999997 0.8195021075682538
0.000764219999999996 0.8641600043183083
0.0008195199999999972 0.9106117068724701
0.0008884200000000009 0.9591166172276024
0.0011801999999999924 1.009990169249582
0.0013047199999999953 1.0636219383377197
0.0019502200000000094 1.1205017670747006
0.0020681999999999784 1.1812586209770397
0.004093399999999997 1.2467204983795792
0.007865000000000011 1.318010897303537
0.008409200000000006 1.3967126453904506
0.011849999999999916 1.485165456902677
0.019132999999999956 1.5870558322903143
0.01959820000000001 1.7087352578229025
0.08137000000000016 1.8627318674216515
0.12128000000000005 2.0802784525252744
0.18362999999999996 2.497705474412374
