0.03280574 0.00023245999999999684
0.03280574 -0.000584040000000001
0.03280574 -0.0003491399999999978
0.03280574 0.0003568600000000005
0.03280574 0.0003438600000000014
0.969406 -0.0019719999999999738
0.969406 -0.00535399999999997
0.969406 0.019132999999999956
0.969406 -0.019672000000000023
0.969406 0.007865000000000011
0.00334091 0.00017270000000000002
0.00334091 -7.840999999999968e-05
0.00334091 4.599000000000009e-05
0.00334091 2.1800000000000205e-05
0.00334091 -0.00016207999999999978
0.053318580000000004 0.0013047199999999953
0.053318580000000004 -0.0008253800000000075
0.053318580000000004 0.00010461999999999277
0.053318580000000004 -0.0013481800000000044
0.053318580000000004 0.000764219999999996
0.061193300000000006 -0.0007603000000000054
0.061193300000000006 0.000688099999999997
0.061193300000000006 -0.0006452000000000055
0.061193300000000006 0.0011801999999999924
0.061193300000000006 -0.00046280000000000626
3.43213 -0.08267999999999986
3.43213 -0.13181999999999983
3.43213 0.08137000000000016
3.43213 0.12128000000000005
3.43213 0.011849999999999916
0.00609999 0.0002878300000000002
0.00609999 0.00034014000000000006
0.00609999 -0.00024366999999999965
0.00609999 -0.00045438999999999983
0.00609999 7.009000000000008e-05
0.10542560000000001 -0.0008226000000000067
0.10542560000000001 -0.0021756000000000136
0.10542560000000001 -0.00034760000000000346
0.10542560000000001 0.004093399999999997
0.10542560000000001 -0.0007476000000000149
0.03182127999999999 -0.0006680799999999945
0.03182127999999999 -7.197999999999233e-05
0.03182127999999999 -0.00016787999999999526
0.03182127999999999 0.00042942000000000674
0.03182127999999999 0.0004785200000000031
0.9703378 -0.01734279999999999
0.9703378 -0.0031847999999999876
0.9703378 0.01959820000000001
0.9703378 0.008409200000000006
0.9703378 -0.007479800000000036
0.003157094 -8.671399999999989e-05
0.003157094 0.00010917599999999989
0.003157094 -7.510399999999988e-05
0.003157094 3.701599999999996e-05
0.003157094 1.562599999999992e-05
0.05358217999999999 0.0019502200000000094
0.05358217999999999 -7.05799999999937e-05
0.05358217999999999 -0.0012550799999999918
0.05358217999999999 -0.00034757999999999317
0.05358217999999999 -0.0002769799999999961
0.06058998 -0.00023038000000000225
0.06058998 -0.0002237799999999998
0.06058998 0.0008884200000000009
0.06058998 -0.001253780000000003
0.06058998 0.0008195199999999972
3.36042 0.18362999999999996
3.36042 -0.0378099999999999
3.36042 -0.0651600000000001
3.36042 -0.0620099999999999
3.36042 -0.018650000000000055
0.005799506 8.375400000000012e-05
0.005799506 5.5803999999999576e-05
0.005799506 4.6533999999999985e-05
0.005799506 0.00029276400000000005
0.005799506 -0.0004788560000000006
0.10340180000000002 -0.0015368000000000187
0.10340180000000002 -0.0005798000000000192
0.10340180000000002 0.00038319999999998633
0.10340180000000002 -0.0003348000000000101
0.10340180000000002 0.0020681999999999784
