1.17286 1.18356 1.18904 1.17584 1.15549 
0.231111 0.225624 0.235756 0.235746 0.233951 
1.1786 1.17507 1.17517 1.18331 1.18464 
0.233829 0.232092 0.232119 0.230675 0.230763 
1.16728 1.18028 1.19311 1.18105 1.17733 
0.220925 0.232029 0.227419 0.22907 0.226833 
1.19438 1.18522 1.1826 1.17879 1.17349 
0.229148 0.237934 0.234248 0.223908 0.234699 
5.66615 5.38201 5.42566 5.83875 5.32739 
2.12186 2.22989 2.14304 2.32147 2.07171 
5.44337 5.66336 5.53524 5.60505 5.52637 
2.22497 2.22165 2.17242 2.1596 2.29219 
5.31605 5.67259 5.74182 5.60684 5.40875 
2.17664 2.10578 2.15131 2.15786 2.19041 
5.71723 5.67812 5.55355 5.56092 5.65318 
2.15301 2.18422 2.12078 2.29788 2.1939 
