-0.2331600000000007 -2.497705474412373
-0.20060199999999995 -2.0802784525252753
-0.14598200000000006 -1.8627318674216515
-0.14046000000000003 -1.7087352578229016
-0.11130800000000018 -1.5870558322903148
-0.10588400000000009 -1.485165456902677
-0.10233200000000053 -1.3967126453904508
-0.07904999999999962 -1.318010897303537
-0.07167999999999974 -1.2467204983795792
-0.06917799999999996 -1.1812586209770397
-0.05573400000000017 -1.1205017670747006
-0.05456599999999945 -1.0636219383377197
-0.05061999999999989 -1.009990169249582
-0.04174599999999984 -0.9591166172276023
-0.03694799999999976 -0.9106117068724701
-0.034553999999999974 -0.8641600043183083
-0.028308 -0.819502107568254
-0.019867999999999997 -0.7764217611479277
-0.019438000000000066 -0.7347364778072544
-0.012529999999999708 -0.6942905757030833
-0.009406000000000025 -0.654949917100686
-0.008079400000000014 -0.6165978697170302
-0.006813600000000003 -0.579132162255556
-0.006330200000000008 -0.5424624043125493
-0.005738000000000021 -0.5065081069291113
-0.005090000000000039 -0.4711970852299657
-0.0042880000000000695 -0.4364641560081164
-0.0041880000000000805 -0.40225006532172536
-0.004105999999999943 -0.3685005970971567
-0.0028394000000000197 -0.3351658253080253
-0.002497999999999889 -0.30219948081476244
-0.0024799999999998157 -0.2695584102801578
-0.0013265999999999833 -0.23720210932878769
-0.0012206000000000161 -0.20509231571520853
-0.0011326000000000114 -0.17319265100642342
-0.0007580000000000364 -0.1414683013821586
-0.00042220000000001146 -0.1098857297659914
-0.00029599999999985194 -0.0784124127331122
0.00016379999999999173 -0.04701659657781415
0.00019639999999998548 -0.015667067624769982
0.00022339999999998472 0.015667067624769982
0.0004700000000001925 0.04701659657781429
0.00048200000000009346 0.0784124127331122
0.0012400000000001299 0.10988572976599126
0.0014599999999997948 0.1414683013821586
0.001513399999999998 0.17319265100642342
0.0018147999999999775 0.20509231571520872
0.0019334000000000018 0.23720210932878769
0.0022606000000000015 0.26955841028015765
0.0023239999999999927 0.30219948081476244
0.0027115999999999807 0.3351658253080253
0.003308400000000017 0.3685005970971569
0.003318399999999999 0.40225006532172536
0.003942000000000334 0.4364641560081162
0.0039519999999999555 0.4711970852299657
0.004773799999999995 0.5065081069291113
0.005281999999999787 0.5424624043125496
0.005946599999999996 0.579132162255556
0.007484000000000268 0.6165978697170301
0.008202000000000043 0.654949917100686
0.010804000000000258 0.6942905757030833
0.01148400000000005 0.7347364778072545
0.01330000000000009 0.7764217611479277
0.013682000000000194 0.8195021075682538
0.020239999999999814 0.8641600043183083
0.02057999999999982 0.9106117068724701
0.034009999999999874 0.9591166172276024
0.04551999999999978 1.009990169249582
0.050372000000000305 1.0636219383377197
0.05229600000000012 1.1205017670747006
0.057629999999999626 1.1812586209770397
0.07802400000000054 1.2467204983795792
0.08462999999999976 1.318010897303537
0.1079220000000003 1.3967126453904506
0.10868199999999995 1.485165456902677
0.12337999999999916 1.5870558322903143
0.13815799999999978 1.7087352578229025
0.14387600000000011 1.8627318674216515
0.19260999999999928 2.0802784525252744
0.31075799999999987 2.497705474412374
