1.175358 -0.002497999999999889
1.175358 0.008202000000000043
1.175358 0.013682000000000194
1.175358 0.00048200000000009346
1.175358 -0.019867999999999997
0.2324376 -0.0013265999999999833
0.2324376 -0.006813600000000003
0.2324376 0.003318399999999999
0.2324376 0.003308400000000017
0.2324376 0.001513399999999998
1.1793580000000001 -0.0007580000000000364
1.1793580000000001 -0.0042880000000000695
1.1793580000000001 -0.0041880000000000805
1.1793580000000001 0.0039519999999999555
1.1793580000000001 0.005281999999999787
0.2318956 0.0019334000000000018
0.2318956 0.00019639999999998548
0.2318956 0.00022339999999998472
0.2318956 -0.0012206000000000161
0.2318956 -0.0011326000000000114
1.1798099999999998 -0.012529999999999708
1.1798099999999998 0.0004700000000001925
1.1798099999999998 0.01330000000000009
1.1798099999999998 0.0012400000000001299
1.1798099999999998 -0.0024799999999998157
0.22725520000000002 -0.006330200000000008
0.22725520000000002 0.004773799999999995
0.22725520000000002 0.00016379999999999173
0.22725520000000002 0.0018147999999999775
0.22725520000000002 -0.00042220000000001146
1.182896 0.01148400000000005
1.182896 0.0023239999999999927
1.182896 -0.00029599999999985194
1.182896 -0.004105999999999943
1.182896 -0.009406000000000025
0.2319874 -0.0028394000000000197
0.2319874 0.005946599999999996
0.2319874 0.0022606000000000015
0.2319874 -0.008079400000000014
0.2319874 0.0027115999999999807
5.527992 0.13815799999999978
5.527992 -0.14598200000000006
5.527992 -0.10233200000000053
5.527992 0.31075799999999987
5.527992 -0.20060199999999995
2.177594 -0.05573400000000017
2.177594 0.05229600000000012
2.177594 -0.034553999999999974
2.177594 0.14387600000000011
2.177594 -0.10588400000000009
5.554678 -0.11130800000000018
5.554678 0.10868199999999995
5.554678 -0.019438000000000066
5.554678 0.050372000000000305
5.554678 -0.028308
2.2141659999999996 0.010804000000000258
2.2141659999999996 0.007484000000000268
2.2141659999999996 -0.04174599999999984
2.2141659999999996 -0.05456599999999945
2.2141659999999996 0.07802400000000054
5.54921 -0.2331600000000007
5.54921 0.12337999999999916
5.54921 0.19260999999999928
5.54921 0.057629999999999626
5.54921 -0.14046000000000003
2.1564 0.020239999999999814
2.1564 -0.05061999999999989
2.1564 -0.005090000000000039
2.1564 0.0014599999999997948
2.1564 0.034009999999999874
5.6326 0.08462999999999976
5.6326 0.04551999999999978
5.6326 -0.07904999999999962
5.6326 -0.07167999999999974
5.6326 0.02057999999999982
2.189958 -0.03694799999999976
2.189958 -0.005738000000000021
2.189958 -0.06917799999999996
2.189958 0.1079220000000003
2.189958 0.003942000000000334
