0.437926 0.437191 0.443782 0.432347 0.432601 
0.547006 0.54612 0.548917 0.529938 0.54803 
0.208118 0.220674 0.217499 0.218171 0.212791 
0.311318 0.337522 0.317765 0.337071 0.348486 
0.731696 0.739469 0.737149 0.75775 0.740035 
0.819988 0.821038 0.838932 0.837187 0.822152 
0.21253 0.210897 0.206678 0.214993 0.20805 
0.333533 0.312574 0.315482 0.307663 0.304036 
0.611858 0.602728 0.605349 0.615938 0.599364 
0.753291 0.759052 0.754109 0.767773 0.746476 
0.554883 0.565755 0.563945 0.557397 0.555742 
0.778827 0.775909 0.769399 0.777931 0.787585 
0.76445 0.750532 0.768298 0.759045 0.76492 
0.839732 0.838658 0.837016 0.844509 0.840765 
0.516842 0.509551 0.512113 0.514469 0.522393 
0.744275 0.750675 0.739904 0.757129 0.747542 
