-0.019114399999999976 -2.497705474412373
-0.014064200000000082 -2.0802784525252753
-0.01266739999999994 -1.8627318674216515
-0.010917000000000066 -1.7087352578229016
-0.010621600000000009 -1.5870558322903148
-0.009664200000000012 -1.485165456902677
-0.009523799999999971 -1.3967126453904508
-0.008531199999999961 -1.318010897303537
-0.008001000000000036 -1.2467204983795792
-0.007871399999999973 -1.1812586209770397
-0.007683400000000007 -1.1205017670747006
-0.007332599999999995 -1.0636219383377197
-0.006994599999999962 -1.009990169249582
-0.0068213999999999775 -0.9591166172276023
-0.005707400000000029 -0.9106117068724701
-0.005522600000000044 -0.8641600043183083
-0.004661399999999927 -0.819502107568254
-0.0044224000000000485 -0.7764217611479277
-0.004319399999999973 -0.7347364778072544
-0.0041684000000000165 -0.6942905757030833
-0.00407079999999993 -0.654949917100686
-0.0039515999999999996 -0.6165978697170302
-0.0038023999999999836 -0.579132162255556
-0.003630000000000022 -0.5424624043125493
-0.0031200000000000117 -0.5065081069291113
-0.00296059999999998 -0.4711970852299657
-0.002849199999999996 -0.4364641560081164
-0.002659599999999984 -0.40225006532172536
-0.0025795999999999875 -0.3685005970971567
-0.0024040000000000727 -0.3351658253080253
-0.0021473999999999105 -0.30219948081476244
-0.0020835999999999633 -0.2695584102801578
-0.0020312000000000108 -0.23720210932878769
-0.0020212000000000563 -0.20509231571520853
-0.0017507999999999413 -0.17319265100642342
-0.0016983999999999888 -0.1414683013821586
-0.0014779999999999793 -0.1098857297659914
-0.0011847999999999859 -0.0784124127331122
-0.0006046000000000662 -0.04701659657781415
-0.00040399999999995995 -0.015667067624769982
-0.0003630000000000022 0.015667067624769982
8.000000000230045e-07 0.04701659657781429
0.00026740000000000097 0.0784124127331122
0.00042159999999996645 0.10988572976599126
0.0006289999999999907 0.1414683013821586
0.0008244000000000029 0.17319265100642342
0.0008968000000000309 0.20509231571520872
0.0011565999999999521 0.23720210932878769
0.0017684000000000033 0.26955841028015765
0.0019003999999999965 0.30219948081476244
0.0020484000000000058 0.3351658253080253
0.0021177999999999475 0.3685005970971569
0.0027204000000000117 0.40225006532172536
0.002769999999999939 0.4364641560081162
0.002911799999999909 0.4711970852299657
0.0030009999999999204 0.5065081069291113
0.00300379999999989 0.5424624043125496
0.003471000000000002 0.579132162255556
0.004027799999999915 0.6165978697170301
0.0043633999999999895 0.654949917100686
0.00437299999999996 0.6942905757030833
0.004400600000000088 0.7347364778072545
0.004810599999999998 0.7764217611479277
0.004914799999999886 0.8195021075682538
0.005223400000000017 0.8641600043183083
0.006210600000000066 0.9106117068724701
0.00663860000000005 0.9591166172276024
0.006848999999999994 1.009990169249582
0.00701259999999998 1.0636219383377197
0.007089600000000029 1.1205017670747006
0.007319399999999976 1.1812586209770397
0.00889059999999997 1.2467204983795792
0.00922400000000001 1.318010897303537
0.009327599999999991 1.3967126453904506
0.009654799999999963 1.485165456902677
0.011072599999999988 1.5870558322903143
0.011632799999999999 1.7087352578229025
0.01653020000000005 1.8627318674216515
0.01805360000000006 2.0802784525252744
0.018875400000000042 2.497705474412374
