0.43676940000000003 0.0011565999999999521
0.43676940000000003 0.00042159999999996645
0.43676940000000003 0.00701259999999998
0.43676940000000003 -0.0044224000000000485
0.43676940000000003 -0.0041684000000000165
0.5440022000000001 0.00300379999999989
0.5440022000000001 0.0021177999999999475
0.5440022000000001 0.004914799999999886
0.5440022000000001 -0.014064200000000082
0.5440022000000001 0.004027799999999915
0.2154506 -0.007332599999999995
0.2154506 0.005223400000000017
0.2154506 0.0020484000000000058
0.2154506 0.0027204000000000117
0.2154506 -0.002659599999999984
0.33043239999999996 -0.019114399999999976
0.33043239999999996 0.007089600000000029
0.33043239999999996 -0.01266739999999994
0.33043239999999996 0.00663860000000005
0.33043239999999996 0.01805360000000006
0.7412198 -0.009523799999999971
0.7412198 -0.0017507999999999413
0.7412198 -0.00407079999999993
0.7412198 0.01653020000000005
0.7412198 -0.0011847999999999859
0.8278594 -0.007871399999999973
0.8278594 -0.0068213999999999775
0.8278594 0.011072599999999988
0.8278594 0.009327599999999991
0.8278594 -0.005707400000000029
0.2106296 0.0019003999999999965
0.2106296 0.00026740000000000097
0.2106296 -0.0039515999999999996
0.2106296 0.0043633999999999895
0.2106296 -0.0025795999999999875
0.3146576 0.018875400000000042
0.3146576 -0.0020835999999999633
0.3146576 0.0008244000000000029
0.3146576 -0.006994599999999962
0.3146576 -0.010621600000000009
0.6070474 0.004810599999999998
0.6070474 -0.004319399999999973
0.6070474 -0.0016983999999999888
0.6070474 0.00889059999999997
0.6070474 -0.007683400000000007
0.7561402 -0.002849199999999996
0.7561402 0.002911799999999909
0.7561402 -0.0020312000000000108
0.7561402 0.011632799999999999
0.7561402 -0.009664200000000012
0.5595443999999999 -0.004661399999999927
0.5595443999999999 0.006210600000000066
0.5595443999999999 0.004400600000000088
0.5595443999999999 -0.0021473999999999105
0.5595443999999999 -0.0038023999999999836
0.7779302 0.0008968000000000309
0.7779302 -0.0020212000000000563
0.7779302 -0.008531199999999961
0.7779302 8.000000000230045e-07
0.7779302 0.009654799999999963
0.761449 0.0030009999999999204
0.761449 -0.010917000000000066
0.761449 0.006848999999999994
0.761449 -0.0024040000000000727
0.761449 0.003471000000000002
0.840136 -0.00040399999999995995
0.840136 -0.0014779999999999793
0.840136 -0.0031200000000000117
0.840136 0.00437299999999996
0.840136 0.0006289999999999907
0.5150736 0.0017684000000000033
0.5150736 -0.005522600000000044
0.5150736 -0.00296059999999998
0.5150736 -0.0006046000000000662
0.5150736 0.007319399999999976
0.747905 -0.003630000000000022
0.747905 0.002769999999999939
0.747905 -0.008001000000000036
0.747905 0.00922400000000001
0.747905 -0.0003630000000000022
