0.124851 0.142166 0.137367 0.13162 0.128079 
0.233189 0.233164 0.239212 0.233212 0.235236 
0.182584 0.198541 0.190697 0.190978 0.186206 
0.296853 0.321464 0.302412 0.323712 0.328159 
0.0482846 0.0705859 0.051838 0.0568874 0.0499048 
0.102507 0.118217 0.108805 0.0989523 0.0938554 
0.160614 0.158399 0.15515 0.160911 0.158033 
0.287322 0.267197 0.278483 0.264495 0.263576 
0.43533 0.41949 0.428804 0.437294 0.41701 
0.701619 0.710199 0.701758 0.719222 0.693466 
0.546731 0.557589 0.555385 0.546497 0.546148 
0.777687 0.774889 0.768204 0.776712 0.786558 
0.199176 0.209329 0.20295 0.218194 0.196881 
0.503838 0.508271 0.515319 0.515318 0.515744 
0.49583 0.481944 0.488187 0.486724 0.498861 
0.740703 0.74656 0.735189 0.754033 0.743578 
