-0.017667000000000044 -2.497705474412373
-0.012108000000000008 -2.0802784525252753
-0.011786799999999986 -1.8627318674216515
-0.010611939999999986 -1.7087352578229016
-0.010575600000000018 -1.5870558322903148
-0.008823600000000043 -1.485165456902677
-0.008638599999999996 -1.3967126453904508
-0.008606000000000003 -1.318010897303537
-0.008424999999999988 -1.2467204983795792
-0.008365199999999906 -1.1812586209770397
-0.008095600000000036 -1.1205017670747006
-0.007965600000000003 -1.0636219383377197
-0.007859999999999978 -1.009990169249582
-0.007719599999999993 -0.9591166172276023
-0.007217200000000007 -0.9106117068724701
-0.0072155399999999995 -0.8641600043183083
-0.0061299999999999966 -0.819502107568254
-0.005595339999999997 -0.7764217611479277
-0.005515039999999985 -0.7347364778072544
-0.005017599999999955 -0.6942905757030833
-0.0047376000000000085 -0.654949917100686
-0.004322000000000048 -0.6165978697170302
-0.003973000000000004 -0.579132162255556
-0.003739000000000048 -0.5424624043125493
-0.0036621399999999943 -0.5065081069291113
-0.0036338000000000203 -0.4711970852299657
-0.003595199999999993 -0.4364641560081164
-0.0035851999999998996 -0.40225006532172536
-0.00349480000000002 -0.3685005970971567
-0.0034713999999999856 -0.3351658253080253
-0.003426999999999958 -0.30219948081476244
-0.0033096000000000236 -0.2695584102801578
-0.002355999999999997 -0.23720210932878769
-0.0021221999999999075 -0.20509231571520853
-0.001960339999999991 -0.17319265100642342
-0.0019209999999999505 -0.1414683013821586
-0.00163859999999999 -0.1098857297659914
-0.0016135999999999928 -0.0784124127331122
-0.0015905999999999976 -0.04701659657781415
-0.0011966000000000199 -0.015667067624769982
-0.0005883999999999889 0.015667067624769982
-0.0004346000000000627 0.04701659657781429
-0.00022239999999998372 0.0784124127331122
-9.80000000000425e-05 0.10988572976599126
0.00043340000000000045 0.1414683013821586
0.0008770000000000167 0.17319265100642342
0.0008958000000000022 0.20509231571520872
0.0011768000000000056 0.23720210932878769
0.0012184000000000084 0.26955841028015765
0.0013872600000000013 0.30219948081476244
0.001992600000000011 0.3351658253080253
0.0022896000000000027 0.3685005970971569
0.0025473999999999775 0.40225006532172536
0.0036200000000000676 0.4364641560081162
0.0036209999999999853 0.4711970852299657
0.004022999999999999 0.5065081069291113
0.004045999999999994 0.5424624043125496
0.004337660000000007 0.579132162255556
0.004409400000000008 0.6165978697170301
0.004550399999999982 0.654949917100686
0.004915000000000003 0.6942905757030833
0.004946200000000012 0.7347364778072545
0.005520800000000103 0.7764217611479277
0.006268400000000007 0.8195021075682538
0.006944000000000006 0.8641600043183083
0.0071189999999999864 0.9106117068724701
0.007744399999999985 0.9591166172276024
0.00855180000000011 1.009990169249582
0.008739799999999992 1.0636219383377197
0.009191999999999978 1.1205017670747006
0.00934939999999998 1.1812586209770397
0.009708400000000006 1.2467204983795792
0.009747999999999979 1.318010897303537
0.01002039999999993 1.3967126453904506
0.01288800000000001 1.485165456902677
0.013638999999999957 1.5870558322903143
0.01374966000000001 1.7087352578229025
0.013969200000000015 1.8627318674216515
0.015085759999999997 2.0802784525252744
0.015107400000000049 2.497705474412374
