0.1328166 -0.007965600000000003
0.1328166 0.00934939999999998
0.1328166 0.004550399999999982
0.1328166 -0.0011966000000000199
0.1328166 -0.0047376000000000085
0.2348026 -0.0016135999999999928
0.2348026 -0.00163859999999999
0.2348026 0.004409400000000008
0.2348026 -0.0015905999999999976
0.2348026 0.00043340000000000045
0.1898012 -0.007217200000000007
0.1898012 0.008739799999999992
0.1898012 0.0008958000000000022
0.1898012 0.0011768000000000056
0.1898012 -0.003595199999999993
0.31452 -0.017667000000000044
0.31452 0.006944000000000006
0.31452 -0.012108000000000008
0.31452 0.009191999999999978
0.31452 0.013638999999999957
0.055500139999999996 -0.0072155399999999995
0.055500139999999996 0.015085759999999997
0.055500139999999996 -0.0036621399999999943
0.055500139999999996 0.0013872600000000013
0.055500139999999996 -0.005595339999999997
0.10446733999999999 -0.001960339999999991
0.10446733999999999 0.01374966000000001
0.10446733999999999 0.004337660000000007
0.10446733999999999 -0.005515039999999985
0.10446733999999999 -0.010611939999999986
0.1586214 0.001992600000000011
0.1586214 -0.00022239999999998372
0.1586214 -0.0034713999999999856
0.1586214 0.0022896000000000027
0.1586214 -0.0005883999999999889
0.2722146 0.015107400000000049
0.2722146 -0.005017599999999955
0.2722146 0.006268400000000007
0.2722146 -0.007719599999999993
0.2722146 -0.008638599999999996
0.4275856 0.007744399999999985
0.4275856 -0.008095600000000036
0.4275856 0.0012184000000000084
0.4275856 0.009708400000000006
0.4275856 -0.010575600000000018
0.7052528 -0.0036338000000000203
0.7052528 0.004946200000000012
0.7052528 -0.00349480000000002
0.7052528 0.013969200000000015
0.7052528 -0.011786799999999986
0.55047 -0.003739000000000048
0.55047 0.0071189999999999864
0.55047 0.004915000000000003
0.55047 -0.003973000000000004
0.55047 -0.004322000000000048
0.77681 0.0008770000000000167
0.77681 -0.0019209999999999505
0.77681 -0.008606000000000003
0.77681 -9.80000000000425e-05
0.77681 0.009747999999999979
0.205306 -0.0061299999999999966
0.205306 0.004022999999999999
0.205306 -0.002355999999999997
0.205306 0.01288800000000001
0.205306 -0.008424999999999988
0.511698 -0.007859999999999978
0.511698 -0.003426999999999958
0.511698 0.0036209999999999853
0.511698 0.0036200000000000676
0.511698 0.004045999999999994
0.4903091999999999 0.005520800000000103
0.4903091999999999 -0.008365199999999906
0.4903091999999999 -0.0021221999999999075
0.4903091999999999 -0.0035851999999998996
0.4903091999999999 0.00855180000000011
0.7440126 -0.0033096000000000236
0.7440126 0.0025473999999999775
0.7440126 -0.008823600000000043
0.7440126 0.01002039999999993
0.7440126 -0.0004346000000000627
