1.22774 1.19523 1.232 1.19867 1.20576 
1.20544 1.20561 1.235 1.17553 1.22171 
0.0601315 0.0594812 0.0590787 0.0594259 0.0597609 
0.0605985 0.0589681 0.0589841 0.0575389 0.0611382 
5.53963 5.82541 5.65696 6.39111 5.79199 
5.34885 5.31393 5.87258 5.85607 5.48321 
0.120834 0.117518 0.117517 0.11449 0.117638 
0.118955 0.11715 0.118353 0.123945 0.117952 
1.18471 1.20524 1.18924 1.22255 1.20086 
1.19936 1.21541 1.24165 1.23996 1.20201 
0.0590331 0.058149 0.0592807 0.0589494 0.0586864 
0.0623231 0.0599992 0.0588216 0.0605551 0.0599007 
5.8799 5.25597 5.92033 5.56529 5.98452 
5.73509 5.39607 5.30625 5.42411 5.46007 
0.112409 0.11593 0.120334 0.117353 0.120438 
0.115601 0.117676 0.1185 0.116336 0.120047 
