-0.4652320000000003 -2.497705474412373
-0.3013900000000005 -2.0802784525252753
-0.26099799999999984 -1.8627318674216515
-0.22607800000000022 -1.7087352578229016
-0.18406000000000056 -1.5870558322903148
-0.1580680000000001 -1.485165456902677
-0.15591199999999983 -1.3967126453904508
-0.09171800000000019 -1.318010897303537
-0.06824800000000053 -1.2467204983795792
-0.04903000000000013 -1.1812586209770397
-0.04020800000000069 -1.1205017670747006
-0.03312800000000027 -1.0636219383377197
-0.020318000000000058 -1.009990169249582
-0.017668000000000017 -0.9591166172276023
-0.016650000000000054 -0.9106117068724701
-0.01580999999999988 -0.8641600043183083
-0.015610000000000568 -0.819502107568254
-0.013210000000000166 -0.7764217611479277
-0.011279999999999735 -0.7347364778072544
-0.006120000000000125 -0.6942905757030833
-0.004883800000000008 -0.654949917100686
-0.0042679999999999385 -0.6165978697170302
-0.004248000000000474 -0.579132162255556
-0.003218000000000165 -0.5424624043125493
-0.0031093999999999983 -0.5065081069291113
-0.0030480000000001617 -0.4711970852299657
-0.002120999999999984 -0.4364641560081164
-0.002031000000000005 -0.40225006532172536
-0.0019066599999999975 -0.3685005970971567
-0.0014983400000000008 -0.3351658253080253
-0.0013627999999999973 -0.30219948081476244
-0.0013189999999999868 -0.2695584102801578
-0.0012960000000000055 -0.23720210932878769
-0.0009179999999999883 -0.20509231571520853
-0.0006707199999999996 -0.17319265100642342
-0.0004969400000000013 -0.1414683013821586
-0.00047745999999999206 -0.1098857297659914
-0.00046145999999999687 -0.0784124127331122
-0.0004192400000000013 -0.04701659657781415
-0.0003207399999999999 -0.015667067624769982
-0.00031599999999998296 0.015667067624769982
-0.00014974000000000237 0.04701659657781429
-0.00013331999999999927 0.0784124127331122
-9.444000000000119e-05 0.10988572976599126
-8.239999999999637e-05 0.1414683013821586
-8.139999999999536e-05 0.17319265100642342
3.8600000000013623e-05 0.20509231571520872
4.400000000000237e-05 0.23720210932878769
6.019999999999637e-05 0.26955841028015765
0.00012968000000000007 0.30219948081476244
0.0001852599999999996 0.3351658253080253
0.00021337999999999913 0.3685005970971569
0.00023515999999999815 0.40225006532172536
0.000340000000000229 0.4364641560081162
0.0004609799999999997 0.4711970852299657
0.0005558599999999983 0.5065081069291113
0.0008679999999999938 0.5424624043125496
0.001152940000000005 0.579132162255556
0.0016926400000000022 0.6165978697170301
0.002003159999999997 0.654949917100686
0.0024150000000000005 0.6942905757030833
0.003041199999999994 0.7347364778072545
0.0031452000000000008 0.7764217611479277
0.003234600000000004 0.8195021075682538
0.0046740000000000115 0.8641600043183083
0.0047200000000002795 0.9106117068724701
0.013051999999999842 0.9591166172276024
0.015859999999999985 1.009990169249582
0.020119999999999916 1.0636219383377197
0.02028199999999991 1.1205017670747006
0.02197199999999988 1.1812586209770397
0.022030000000000216 1.2467204983795792
0.026341999999999866 1.318010897303537
0.15869800000000023 1.3967126453904506
0.19912799999999997 1.485165456902677
0.26331799999999994 1.5870558322903143
0.2707719999999991 1.7087352578229025
0.281142 1.8627318674216515
0.29765200000000025 2.0802784525252744
0.55009 2.497705474412374
