1.21188 0.015859999999999985
1.21188 -0.016650000000000054
1.21188 0.020119999999999916
1.21188 -0.013210000000000166
1.21188 -0.006120000000000125
1.2086580000000002 -0.003218000000000165
1.2086580000000002 -0.0030480000000001617
1.2086580000000002 0.026341999999999866
1.2086580000000002 -0.03312800000000027
1.2086580000000002 0.013051999999999842
0.05957564 0.0005558599999999983
0.05957564 -9.444000000000119e-05
0.05957564 -0.0004969400000000013
0.05957564 -0.00014974000000000237
0.05957564 0.0001852599999999996
0.059445559999999995 0.001152940000000005
0.059445559999999995 -0.00047745999999999206
0.059445559999999995 -0.00046145999999999687
0.059445559999999995 -0.0019066599999999975
0.059445559999999995 0.0016926400000000022
5.84102 -0.3013900000000005
5.84102 -0.015610000000000568
5.84102 -0.18406000000000056
5.84102 0.55009
5.84102 -0.04903000000000013
5.574928 -0.22607800000000022
5.574928 -0.26099799999999984
5.574928 0.29765200000000025
5.574928 0.281142
5.574928 -0.09171800000000019
0.11759939999999999 0.003234600000000004
0.11759939999999999 -8.139999999999536e-05
0.11759939999999999 -8.239999999999637e-05
0.11759939999999999 -0.0031093999999999983
0.11759939999999999 3.8600000000013623e-05
0.11927099999999999 -0.00031599999999998296
0.11927099999999999 -0.002120999999999984
0.11927099999999999 -0.0009179999999999883
0.11927099999999999 0.0046740000000000115
0.11927099999999999 -0.0013189999999999868
1.2005199999999998 -0.01580999999999988
1.2005199999999998 0.0047200000000002795
1.2005199999999998 -0.011279999999999735
1.2005199999999998 0.022030000000000216
1.2005199999999998 0.000340000000000229
1.219678 -0.020318000000000058
1.219678 -0.0042679999999999385
1.219678 0.02197199999999988
1.219678 0.02028199999999991
1.219678 -0.017668000000000017
0.05881972 0.00021337999999999913
0.05881972 -0.0006707199999999996
0.05881972 0.0004609799999999997
0.05881972 0.00012968000000000007
0.05881972 -0.00013331999999999927
0.06031994 0.002003159999999997
0.06031994 -0.0003207399999999999
0.06031994 -0.0014983400000000008
0.06031994 0.00023515999999999815
0.06031994 -0.0004192400000000013
5.721202 0.15869800000000023
5.721202 -0.4652320000000003
5.721202 0.19912799999999997
5.721202 -0.15591199999999983
5.721202 0.26331799999999994
5.4643180000000005 0.2707719999999991
5.4643180000000005 -0.06824800000000053
5.4643180000000005 -0.1580680000000001
5.4643180000000005 -0.04020800000000069
5.4643180000000005 -0.004248000000000474
0.1172928 -0.004883800000000008
0.1172928 -0.0013627999999999973
0.1172928 0.003041199999999994
0.1172928 6.019999999999637e-05
0.1172928 0.0031452000000000008
0.117632 -0.002031000000000005
0.117632 4.400000000000237e-05
0.117632 0.0008679999999999938
0.117632 -0.0012960000000000055
0.117632 0.0024150000000000005
