1.19471 1.16301 1.19955 1.16555 1.17263 
0.23802 0.24159 0.246514 0.225813 0.244417 
0.0566259 0.05622 0.0556925 0.0560644 0.0565864 
0.00599581 0.00648993 0.00556233 0.00556977 0.00706645 
5.4792 5.76353 5.59641 6.32876 5.73127 
1.99944 2.01307 2.35907 2.303 2.0393 
0.11445 0.111079 0.111665 0.108845 0.111469 
0.0143558 0.013919 0.0132792 0.0144314 0.0132892 
1.15356 1.17349 1.15759 1.19031 1.16856 
0.246444 0.248256 0.251759 0.26124 0.23918 
0.0559631 0.054885 0.0562035 0.0557565 0.0555151 
0.00679414 0.00648956 0.00650512 0.00732676 0.00659728 
5.81955 5.19562 5.85886 5.50596 5.92311 
2.19108 2.07336 2.01119 2.1257 2.11827 
0.106531 0.110076 0.114488 0.111269 0.115129 
0.0137382 0.0149155 0.0147406 0.0132687 0.0145779 
