-0.46499999999999986 -2.497705474412373
-0.3006339999999996 -2.0802784525252753
-0.1834239999999996 -1.8627318674216515
-0.1546599999999998 -1.7087352578229016
-0.1433359999999999 -1.5870558322903148
-0.1297060000000001 -1.485165456902677
-0.10347600000000012 -1.3967126453904508
-0.09272999999999998 -1.318010897303537
-0.04856399999999894 -1.2467204983795792
-0.03055999999999992 -1.1812586209770397
-0.016303999999998986 -1.1205017670747006
-0.016079999999999872 -1.0636219383377197
-0.01514200000000021 -1.009990169249582
-0.013539999999999885 -0.9591166172276023
-0.013457799999999964 -0.9106117068724701
-0.011112000000000233 -0.8641600043183083
-0.010195800000000005 -0.819502107568254
-0.00645999999999991 -0.7764217611479277
-0.004967600000000003 -0.7347364778072544
-0.002931800000000012 -0.6942905757030833
-0.002656600000000009 -0.654949917100686
-0.00142260000000001 -0.6165978697170302
-0.0012507999999999686 -0.579132162255556
-0.0011198000000000041 -0.5424624043125493
-0.0009794799999999996 -0.5065081069291113
-0.0007796399999999981 -0.4711970852299657
-0.0005757200000000018 -0.4364641560081164
-0.0005745280000000004 -0.40225006532172536
-0.0005670880000000003 -0.3685005970971567
-0.0005657200000000022 -0.3351658253080253
-0.0005453399999999983 -0.30219948081476244
-0.0005099799999999984 -0.2695584102801578
-0.0004226000000000091 -0.23720210932878769
-0.0002530119999999995 -0.20509231571520853
-0.00023745199999999998 -0.17319265100642342
-0.00022959999999999647 -0.1414683013821586
-0.00017343999999999693 -0.1098857297659914
-0.00014954000000000356 -0.0784124127331122
-0.000145292 -0.04701659657781415
-0.0001420000000000865 -0.015667067624769982
-0.0001410480000000004 0.015667067624769982
-3.260000000000762e-05 0.04701659657781429
-1.7839999999998135e-05 0.0784124127331122
5.15680000000001e-05 0.10988572976599126
6.407999999999935e-05 0.1414683013821586
9.185999999999916e-05 0.17319265100642342
0.0001633999999999941 0.20509231571520872
0.0002984600000000004 0.23720210932878769
0.00032972000000000036 0.26955841028015765
0.0003485600000000047 0.30219948081476244
0.0003530719999999994 0.3351658253080253
0.00038806000000000257 0.3685005970971569
0.0004924200000000004 0.40225006532172536
0.0005008799999999987 0.4364641560081162
0.0005388600000000021 0.4711970852299657
0.000576479999999999 0.5065081069291113
0.0005841880000000002 0.5424624043125496
0.0006673200000000008 0.579132162255556
0.0009295919999999999 0.6165978697170301
0.0023192000000000212 0.654949917100686
0.002383200000000002 0.6942905757030833
0.00294839999999999 0.7347364778072545
0.002989400000000003 0.7764217611479277
0.003630399999999992 0.8195021075682538
0.004787999999999792 0.8641600043183083
0.005146200000000017 0.9106117068724701
0.007243200000000033 0.9591166172276024
0.01186420000000002 1.009990169249582
0.014349999999999863 1.0636219383377197
0.015619999999999967 1.1205017670747006
0.020459999999999923 1.1812586209770397
0.02160799999999985 1.2467204983795792
0.021780000000000133 1.318010897303537
0.0871599999999999 1.3967126453904506
0.1589299999999998 1.485165456902677
0.16022399999999992 1.5870558322903143
0.1982400000000002 1.7087352578229025
0.216294 1.8627318674216515
0.26249000000000056 2.0802784525252744
0.5489260000000007 2.497705474412374
