1.17909 0.015619999999999967
1.17909 -0.016079999999999872
1.17909 0.020459999999999923
1.17909 -0.013539999999999885
1.17909 -0.00645999999999991
0.23927079999999998 -0.0012507999999999686
0.23927079999999998 0.0023192000000000212
0.23927079999999998 0.007243200000000033
0.23927079999999998 -0.013457799999999964
0.23927079999999998 0.005146200000000017
0.05623784 0.00038806000000000257
0.05623784 -1.7839999999998135e-05
0.05623784 -0.0005453399999999983
0.05623784 -0.00017343999999999693
0.05623784 0.0003485600000000047
0.006136858 -0.0001410480000000004
0.006136858 0.0003530719999999994
0.006136858 -0.0005745280000000004
0.006136858 -0.0005670880000000003
0.006136858 0.0009295919999999999
5.779833999999999 -0.3006339999999996
5.779833999999999 -0.016303999999998986
5.779833999999999 -0.1834239999999996
5.779833999999999 0.5489260000000007
5.779833999999999 -0.04856399999999894
2.142776 -0.1433359999999999
2.142776 -0.1297060000000001
2.142776 0.216294
2.142776 0.16022399999999992
2.142776 -0.10347600000000012
0.1115016 0.00294839999999999
0.1115016 -0.0004226000000000091
0.1115016 0.0001633999999999941
0.1115016 -0.002656600000000009
0.1115016 -3.260000000000762e-05
0.013854920000000001 0.0005008799999999987
0.013854920000000001 6.407999999999935e-05
0.013854920000000001 -0.0005757200000000018
0.013854920000000001 0.000576479999999999
0.013854920000000001 -0.0005657200000000022
1.1687020000000001 -0.01514200000000021
1.1687020000000001 0.004787999999999792
1.1687020000000001 -0.011112000000000233
1.1687020000000001 0.02160799999999985
1.1687020000000001 -0.0001420000000000865
0.2493758 -0.002931800000000012
0.2493758 -0.0011198000000000041
0.2493758 0.002383200000000002
0.2493758 0.01186420000000002
0.2493758 -0.010195800000000005
0.05566464 0.0002984600000000004
0.05566464 -0.0007796399999999981
0.05566464 0.0005388600000000021
0.05566464 9.185999999999916e-05
0.05566464 -0.00014954000000000356
0.006742572 5.15680000000001e-05
0.006742572 -0.0002530119999999995
0.006742572 -0.00023745199999999998
0.006742572 0.0005841880000000002
0.006742572 -0.000145292
5.66062 0.1589299999999998
5.66062 -0.46499999999999986
5.66062 0.1982400000000002
5.66062 -0.1546599999999998
5.66062 0.26249000000000056
2.10392 0.0871599999999999
2.10392 -0.03055999999999992
2.10392 -0.09272999999999998
2.10392 0.021780000000000133
2.10392 0.014349999999999863
0.1114986 -0.004967600000000003
0.1114986 -0.00142260000000001
0.1114986 0.002989400000000003
0.1114986 -0.00022959999999999647
0.1114986 0.003630399999999992
0.01424818 -0.0005099799999999984
0.01424818 0.0006673200000000008
0.01424818 0.0004924200000000004
0.01424818 -0.0009794799999999996
0.01424818 0.00032972000000000036
