0.429376 0.431621 0.429458 0.427438 0.422398 
0.536496 0.531646 0.538475 0.539659 0.536786 
0.428484 0.430077 0.433278 0.42994 0.432691 
0.535951 0.533013 0.535942 0.530851 0.526753 
0.43104 0.43505 0.431002 0.427143 0.434766 
0.521501 0.531432 0.522451 0.533507 0.52277 
0.433459 0.436063 0.433301 0.430926 0.433093 
0.533324 0.54351 0.533868 0.523424 0.537953 
0.761803 0.75249 0.752456 0.764938 0.748969 
0.837899 0.843409 0.837599 0.847856 0.834697 
0.750841 0.761353 0.757502 0.759172 0.756394 
0.844291 0.842422 0.841075 0.841446 0.845992 
0.74923 0.761163 0.764916 0.758768 0.751108 
0.840778 0.835877 0.842339 0.841415 0.842622 
0.763639 0.760057 0.757087 0.759071 0.758938 
0.838295 0.840961 0.837673 0.847496 0.841773 
