-0.010991799999999996 -2.497705474412373
-0.007807000000000008 -2.0802784525252753
-0.007162199999999896 -1.8627318674216515
-0.006211400000000089 -1.7087352578229016
-0.005928999999999962 -1.5870558322903148
-0.005749000000000004 -1.485165456902677
-0.005660200000000004 -1.3967126453904508
-0.005595000000000017 -1.318010897303537
-0.004966399999999926 -1.2467204983795792
-0.0048311999999999244 -1.1812586209770397
-0.0047292000000001 -1.1205017670747006
-0.0046571999999999725 -1.0636219383377197
-0.003881199999999918 -1.009990169249582
-0.0036751999999998786 -0.9591166172276023
-0.0036411999999999 -0.9106117068724701
-0.0035666000000000864 -0.8641600043183083
-0.00356219999999996 -0.819502107568254
-0.002944600000000075 -0.7764217611479277
-0.0026930000000000565 -0.7347364778072544
-0.0026714000000001015 -0.6942905757030833
-0.0024424000000000112 -0.654949917100686
-0.0024100000000000232 -0.6165978697170302
-0.0023930000000000895 -0.579132162255556
-0.001970200000000033 -0.5424624043125493
-0.001651000000000069 -0.5065081069291113
-0.0015992000000000228 -0.4711970852299657
-0.0010917999999999761 -0.4364641560081164
-0.0009540000000000104 -0.40225006532172536
-0.0008204000000000544 -0.3685005970971567
-0.0008170000000000122 -0.3351658253080253
-0.0007981999999999712 -0.30219948081476244
-0.0007601999999999887 -0.2695584102801578
-0.0006874000000000047 -0.23720210932878769
-0.0006584000000000589 -0.20509231571520853
-0.0006232000000000459 -0.17319265100642342
-0.0006202000000000152 -0.1414683013821586
-0.0005477999999999872 -0.1098857297659914
-0.00027860000000012874 -0.0784124127331122
-0.0002753999999999812 -0.04701659657781415
-0.00011639999999990547 -0.015667067624769982
-6.739999999999524e-05 0.015667067624769982
9.059999999999624e-05 0.04701659657781429
0.00017179999999994422 0.0784124127331122
0.000173600000000107 0.10988572976599126
0.0002985999999999267 0.1414683013821586
0.00044959999999993894 0.17319265100642342
0.0005109999999999282 0.20509231571520872
0.0005333999999999062 0.23720210932878769
0.0008087999999999429 0.26955841028015765
0.0012457999999999636 0.30219948081476244
0.00131779999999998 0.3351658253080253
0.0013998000000000066 0.3685005970971569
0.001731000000000038 0.40225006532172536
0.0017327999999998678 0.4364641560081162
0.001796999999999993 0.4711970852299657
0.0018626000000001586 0.5065081069291113
0.002015799999999901 0.5424624043125496
0.0021195999999998882 0.579132162255556
0.0023839999999999972 0.6165978697170301
0.0026945999999999914 0.654949917100686
0.002946799999999916 0.6942905757030833
0.0029658000000000184 0.7347364778072545
0.0030466000000001214 0.7764217611479277
0.0031169999999999254 0.8195021075682538
0.003249800000000025 0.8641600043183083
0.0034399999999999986 0.9106117068724701
0.0034489999999999243 0.9591166172276024
0.003537200000000018 1.009990169249582
0.003562799999999977 1.0636219383377197
0.003880599999999901 1.1205017670747006
0.004126000000000074 1.1812586209770397
0.004300599999999877 1.2467204983795792
0.005099800000000099 1.318010897303537
0.005671800000000116 1.3967126453904506
0.00625639999999994 1.485165456902677
0.007174800000000037 1.5870558322903143
0.007564000000000015 1.7087352578229025
0.00787900000000008 1.8627318674216515
0.008806800000000115 2.0802784525252744
0.009094200000000052 2.497705474412374
