0.0337545 0.0342157 0.0343684 0.0342907 0.034576 
0.98145 0.9613 0.974381 0.979541 0.983315 
0.0347097 0.0339975 0.0344084 0.0342477 0.0342764 
0.978184 0.966206 0.966177 0.972747 0.988896 
0.0341993 0.0345998 0.0347188 0.0348027 0.0338524 
0.956653 0.976363 0.968345 0.971578 0.979612 
0.0348517 0.0338876 0.0343086 0.0341211 0.034367 
0.960813 0.985698 0.977175 0.968922 0.974552 
0.0619029 0.0616149 0.0611723 0.0633001 0.0612873 
3.44535 3.49328 3.51411 3.55107 3.41962 
0.0628968 0.0619945 0.0618031 0.0616768 0.0624507 
3.43849 3.5395 3.4478 3.45091 3.55577 
0.0610742 0.0617483 0.0619092 0.0627376 0.0623244 
3.50545 3.45812 3.42151 3.42171 3.45817 
0.0618374 0.0628011 0.06159 0.0612187 0.0622278 
3.47521 3.47959 3.46394 3.48366 3.50291 
