-0.06506600000000073 -2.497705474412373
-0.048003999999999714 -2.0802784525252753
-0.039336000000000926 -1.8627318674216515
-0.03869399999999956 -1.7087352578229016
-0.035583999999999616 -1.5870558322903148
-0.031481999999999566 -1.485165456902677
-0.03128199999999959 -1.3967126453904508
-0.01712200000000008 -1.318010897303537
-0.014697400000000083 -1.2467204983795792
-0.013857200000000014 -1.1812586209770397
-0.012619000000000047 -1.1205017670747006
-0.008265000000000078 -1.0636219383377197
-0.008236000000000021 -1.009990169249582
-0.005851999999999968 -0.9591166172276023
-0.004510000000000125 -0.9106117068724701
-0.0021651999999999783 -0.8641600043183083
-0.001695000000000002 -0.819502107568254
-0.0016164000000000733 -0.7764217611479277
-0.0014720000000001399 -0.7347364778072544
-0.0008845399999999962 -0.6942905757030833
-0.0007162999999999961 -0.654949917100686
-0.0006831999999999949 -0.6165978697170302
-0.000582199999999998 -0.579132162255556
-0.0005681999999999909 -0.5424624043125493
-0.00048758000000000135 -0.5065081069291113
-0.00048656000000000393 -0.4711970852299657
-0.00041959999999999914 -0.4364641560081164
-0.00036127999999999855 -0.40225006532172536
-0.0003449999999999981 -0.3685005970971567
-0.0003304400000000013 -0.3351658253080253
-0.0002405999999999936 -0.30219948081476244
-0.00023529999999999385 -0.2695584102801578
-0.00021043999999999924 -0.23720210932878769
-0.0001860999999999946 -0.20509231571520853
-0.00016987999999999726 -0.17319265100642342
-9.75999999999963e-05 -0.1414683013821586
-8.024000000000225e-05 -0.1098857297659914
-5.1540000000002695e-05 -0.0784124127331122
-4.9540000000000695e-05 -0.04701659657781415
-2.5360000000002048e-05 -0.015667067624769982
1.4000000000055635e-06 0.015667067624769982
4.7400000000002995e-05 0.04701659657781429
4.963999999999663e-05 0.0784124127331122
5.980000000000568e-05 0.10988572976599126
8.045999999999748e-05 0.1414683013821586
0.00012733999999999662 0.17319265100642342
0.00016520000000000423 0.20509231571520872
0.0002842000000000053 0.23720210932878769
0.00028631999999999963 0.26955841028015765
0.0002928000000000028 0.30219948081476244
0.00033493999999999885 0.3351658253080253
0.00036566000000000376 0.3685005970971569
0.00036810000000000315 0.40225006532172536
0.0003817600000000018 0.4364641560081162
0.0005445000000000033 0.4711970852299657
0.0007324200000000045 0.5065081069291113
0.0007788600000000062 0.5424624043125496
0.0008661000000000016 0.579132162255556
0.0010678000000000631 0.6165978697170301
0.0011199999999998989 0.654949917100686
0.0014446000000000042 0.6942905757030833
0.002597999999999878 0.7347364778072545
0.003543599999999869 0.7764217611479277
0.003742000000000023 0.8195021075682538
0.003742999999999941 0.8641600043183083
0.0051280000000004655 0.9106117068724701
0.005178000000000349 0.9591166172276024
0.005452599999999919 1.009990169249582
0.005852799999999991 1.0636219383377197
0.007317599999999924 1.1205017670747006
0.008593999999999102 1.1812586209770397
0.009101800000000049 1.2467204983795792
0.012265999999999888 1.318010897303537
0.014453999999999967 1.3967126453904506
0.021847999999999868 1.485165456902677
0.02942399999999923 1.5870558322903143
0.05245800000000056 1.7087352578229025
0.05300600000000033 1.8627318674216515
0.06638399999999933 2.0802784525252744
0.06927600000000034 2.497705474412374
