0.034241060000000004 -0.00048656000000000393
0.034241060000000004 -2.5360000000002048e-05
0.034241060000000004 0.00012733999999999662
0.034241060000000004 4.963999999999663e-05
0.034241060000000004 0.00033493999999999885
0.9759974000000001 0.005452599999999919
0.9759974000000001 -0.014697400000000083
0.9759974000000001 -0.0016164000000000733
0.9759974000000001 0.003543599999999869
0.9759974000000001 0.007317599999999924
0.03432794 0.0003817600000000018
0.03432794 -0.0003304400000000013
0.03432794 8.045999999999748e-05
0.03432794 -8.024000000000225e-05
0.03432794 -5.1540000000002695e-05
0.974442 0.003742000000000023
0.974442 -0.008236000000000021
0.974442 -0.008265000000000078
0.974442 -0.001695000000000002
0.974442 0.014453999999999967
0.034434599999999996 -0.00023529999999999385
0.034434599999999996 0.00016520000000000423
0.034434599999999996 0.0002842000000000053
0.034434599999999996 0.00036810000000000315
0.034434599999999996 -0.000582199999999998
0.9705102 -0.013857200000000014
0.9705102 0.005852799999999991
0.9705102 -0.0021651999999999783
0.9705102 0.0010678000000000631
0.9705102 0.009101800000000049
0.034307199999999996 0.0005445000000000033
0.034307199999999996 -0.00041959999999999914
0.034307199999999996 1.4000000000055635e-06
0.034307199999999996 -0.0001860999999999946
0.034307199999999996 5.980000000000568e-05
0.9734320000000001 -0.012619000000000047
0.9734320000000001 0.012265999999999888
0.9734320000000001 0.003742999999999941
0.9734320000000001 -0.004510000000000125
0.9734320000000001 0.0011199999999998989
0.061855499999999994 4.7400000000002995e-05
0.061855499999999994 -0.0002405999999999936
0.061855499999999994 -0.0006831999999999949
0.061855499999999994 0.0014446000000000042
0.061855499999999994 -0.0005681999999999909
3.484686000000001 -0.039336000000000926
3.484686000000001 0.008593999999999102
3.484686000000001 0.02942399999999923
3.484686000000001 0.06638399999999933
3.484686000000001 -0.06506600000000073
0.06216438 0.0007324200000000045
0.06216438 -0.00016987999999999726
0.06216438 -0.00036127999999999855
0.06216438 -0.00048758000000000135
0.06216438 0.00028631999999999963
3.4864939999999995 -0.048003999999999714
3.4864939999999995 0.05300600000000033
3.4864939999999995 -0.03869399999999956
3.4864939999999995 -0.035583999999999616
3.4864939999999995 0.06927600000000034
0.06195874 -0.0008845399999999962
0.06195874 -0.00021043999999999924
0.06195874 -4.9540000000000695e-05
0.06195874 0.0007788600000000062
0.06195874 0.00036566000000000376
3.4529919999999996 0.05245800000000056
3.4529919999999996 0.0051280000000004655
3.4529919999999996 -0.031481999999999566
3.4529919999999996 -0.03128199999999959
3.4529919999999996 0.005178000000000349
0.061935 -9.75999999999963e-05
0.061935 0.0008661000000000016
0.061935 -0.0003449999999999981
0.061935 -0.0007162999999999961
0.061935 0.0002928000000000028
3.481062 -0.005851999999999968
3.481062 -0.0014720000000001399
3.481062 -0.01712200000000008
3.481062 0.002597999999999878
3.481062 0.021847999999999868
