0.4280582 0.00131779999999998
0.4280582 0.003562799999999977
0.4280582 0.0013998000000000066
0.4280582 -0.0006202000000000152
0.4280582 -0.005660200000000004
0.5366123999999999 -0.00011639999999990547
0.5366123999999999 -0.004966399999999926
0.5366123999999999 0.0018626000000001586
0.5366123999999999 0.0030466000000001214
0.5366123999999999 0.000173600000000107
0.430894 -0.0024100000000000232
0.430894 -0.0008170000000000122
0.430894 0.0023839999999999972
0.430894 -0.0009540000000000104
0.430894 0.001796999999999993
0.532502 0.0034489999999999243
0.532502 0.0005109999999999282
0.532502 0.0034399999999999986
0.532502 -0.001651000000000069
0.532502 -0.005749000000000004
0.43180019999999997 -0.0007601999999999887
0.43180019999999997 0.003249800000000025
0.43180019999999997 -0.0007981999999999712
0.43180019999999997 -0.0046571999999999725
0.43180019999999997 0.0029658000000000184
0.5263321999999999 -0.0048311999999999244
0.5263321999999999 0.005099800000000099
0.5263321999999999 -0.003881199999999918
0.5263321999999999 0.007174800000000037
0.5263321999999999 -0.00356219999999996
0.4333684 9.059999999999624e-05
0.4333684 0.0026945999999999914
0.4333684 -6.739999999999524e-05
0.4333684 -0.0024424000000000112
0.4333684 -0.0002753999999999812
0.5344158 -0.0010917999999999761
0.5344158 0.009094200000000052
0.5344158 -0.0005477999999999872
0.5344158 -0.010991799999999996
0.5344158 0.003537200000000018
0.7561311999999999 0.005671800000000116
0.7561311999999999 -0.0036411999999999
0.7561311999999999 -0.0036751999999998786
0.7561311999999999 0.008806800000000115
0.7561311999999999 -0.007162199999999896
0.840292 -0.0023930000000000895
0.840292 0.0031169999999999254
0.840292 -0.0026930000000000565
0.840292 0.007564000000000015
0.840292 -0.005595000000000017
0.7570524000000001 -0.006211400000000089
0.7570524000000001 0.004300599999999877
0.7570524000000001 0.00044959999999993894
0.7570524000000001 0.0021195999999998882
0.7570524000000001 -0.0006584000000000589
0.8430452 0.0012457999999999636
0.8430452 -0.0006232000000000459
0.8430452 -0.001970200000000033
0.8430452 -0.0015992000000000228
0.8430452 0.002946799999999916
0.757037 -0.007807000000000008
0.757037 0.004126000000000074
0.757037 0.00787900000000008
0.757037 0.001731000000000038
0.757037 -0.005928999999999962
0.8406062000000001 0.00017179999999994422
0.8406062000000001 -0.0047292000000001
0.8406062000000001 0.0017327999999998678
0.8406062000000001 0.0008087999999999429
0.8406062000000001 0.002015799999999901
0.7597584000000001 0.003880599999999901
0.7597584000000001 0.0002985999999999267
0.7597584000000001 -0.0026714000000001015
0.7597584000000001 -0.0006874000000000047
0.7597584000000001 -0.0008204000000000544
0.8412396000000001 -0.002944600000000075
0.8412396000000001 -0.00027860000000012874
0.8412396000000001 -0.0035666000000000864
0.8412396000000001 0.00625639999999994
0.8412396000000001 0.0005333999999999062
